accuracy=0.9853009259259259, std=0.010548293879689304
precision score=0.9713378501043302, std=0.12019581935346506
recall=0.9697097118319772, std=0.119938892002751
f1-score=0.9703745633040703, std=0.119938892002751
auc-score=0.9964535603510013, std=0.0010901409985807028