mse=0.4192434072494507, std=0.0459889015932937
rmse=0.6464478731155395, std=0.036722787707725864
r2=0.6908587681587389, std=0.03945794403705552