mse=0.971958863929562, std=1.2348546487800758
rmse=0.8450102251508962, std=0.5078548924154395
r2=0.7081730965755217, std=0.3588058982216494